5 14
0 0 0 0 0
0 0 0 0 0
3 102 57 49 255
0 0 0 0 0
0 0 0 0 0
0 0 0 0 0
3 102 57 49 255
2 223 113 38 255
3 102 57 49 255
0 0 0 0 0
3 102 57 49 255
2 223 113 38 255
2 223 113 38 255
2 223 113 38 255
3 102 57 49 255
3 102 57 49 255
2 223 113 38 255
2 223 113 38 255
2 223 113 38 255
3 102 57 49 255
3 102 57 49 255
2 223 113 38 255
3 143 86 59 255
2 223 113 38 255
3 102 57 49 255
3 102 57 49 255
2 223 113 38 255
2 223 113 38 255
2 223 113 38 255
3 102 57 49 255
3 102 57 49 255
2 223 113 38 255
2 223 113 38 255
2 223 113 38 255
3 102 57 49 255
3 102 57 49 255
2 223 113 38 255
2 223 113 38 255
2 223 113 38 255
3 102 57 49 255
3 102 57 49 255
2 223 113 38 255
2 223 113 38 255
2 223 113 38 255
3 102 57 49 255
3 102 57 49 255
2 223 113 38 255
3 143 86 59 255
2 223 113 38 255
3 102 57 49 255
3 102 57 49 255
2 223 113 38 255
2 223 113 38 255
2 223 113 38 255
3 102 57 49 255
3 102 57 49 255
2 223 113 38 255
2 223 113 38 255
2 223 113 38 255
3 102 57 49 255
0 0 0 0 0
3 102 57 49 255
2 223 113 38 255
3 102 57 49 255
0 0 0 0 0
0 0 0 0 0
0 0 0 0 0
3 102 57 49 255
0 0 0 0 0
0 0 0 0 0
