10 16
0 0 0 0 0
0 0 0 0 0
0 0 0 0 0
6 34 32 52 255
6 34 32 52 255
6 34 32 52 255
6 34 32 52 255
0 0 0 0 0
0 0 0 0 0
0 0 0 0 0
0 0 0 0 0
0 0 0 0 0
6 34 32 52 255
4 105 106 106 255
4 105 106 106 255
4 105 106 106 255
4 105 106 106 255
6 34 32 52 255
0 0 0 0 0
0 0 0 0 0
0 0 0 0 0
6 34 32 52 255
4 105 106 106 255
4 105 106 106 255
4 105 106 106 255
4 105 106 106 255
4 105 106 106 255
4 105 106 106 255
6 34 32 52 255
0 0 0 0 0
6 34 32 52 255
4 105 106 106 255
4 105 106 106 255
4 105 106 106 255
4 105 106 106 255
4 105 106 106 255
4 105 106 106 255
4 105 106 106 255
4 105 106 106 255
6 34 32 52 255
6 34 32 52 255
4 105 106 106 255
4 105 106 106 255
4 105 106 106 255
4 105 106 106 255
4 105 106 106 255
4 105 106 106 255
4 105 106 106 255
4 105 106 106 255
6 34 32 52 255
6 34 32 52 255
4 105 106 106 255
4 105 106 106 255
4 105 106 106 255
4 105 106 106 255
4 105 106 106 255
4 105 106 106 255
4 105 106 106 255
4 105 106 106 255
6 34 32 52 255
6 34 32 52 255
4 105 106 106 255
4 105 106 106 255
4 105 106 106 255
4 105 106 106 255
4 105 106 106 255
4 105 106 106 255
4 105 106 106 255
4 105 106 106 255
6 34 32 52 255
6 34 32 52 255
4 105 106 106 255
4 105 106 106 255
4 105 106 106 255
4 105 106 106 255
4 105 106 106 255
4 105 106 106 255
4 105 106 106 255
4 105 106 106 255
6 34 32 52 255
6 34 32 52 255
4 105 106 106 255
4 105 106 106 255
4 105 106 106 255
4 105 106 106 255
12 132 126 135 255
4 105 106 106 255
4 105 106 106 255
4 105 106 106 255
6 34 32 52 255
6 34 32 52 255
4 105 106 106 255
4 105 106 106 255
4 105 106 106 255
4 105 106 106 255
4 105 106 106 255
4 105 106 106 255
4 105 106 106 255
4 105 106 106 255
6 34 32 52 255
6 34 32 52 255
4 105 106 106 255
10 255 255 255 255
10 255 255 255 255
10 255 255 255 255
10 255 255 255 255
10 255 255 255 255
10 255 255 255 255
4 105 106 106 255
6 34 32 52 255
6 34 32 52 255
4 105 106 106 255
10 255 255 255 255
10 255 255 255 255
10 255 255 255 255
10 255 255 255 255
10 255 255 255 255
10 255 255 255 255
4 105 106 106 255
6 34 32 52 255
6 34 32 52 255
4 105 106 106 255
10 255 255 255 255
10 255 255 255 255
10 255 255 255 255
10 255 255 255 255
10 255 255 255 255
10 255 255 255 255
4 105 106 106 255
6 34 32 52 255
6 34 32 52 255
4 105 106 106 255
10 255 255 255 255
10 255 255 255 255
10 255 255 255 255
10 255 255 255 255
10 255 255 255 255
10 255 255 255 255
4 105 106 106 255
6 34 32 52 255
6 34 32 52 255
4 105 106 106 255
10 255 255 255 255
10 255 255 255 255
10 255 255 255 255
10 255 255 255 255
10 255 255 255 255
10 255 255 255 255
4 105 106 106 255
6 34 32 52 255
6 34 32 52 255
6 34 32 52 255
6 34 32 52 255
6 34 32 52 255
6 34 32 52 255
6 34 32 52 255
6 34 32 52 255
6 34 32 52 255
6 34 32 52 255
6 34 32 52 255
