16 16
0 0 0 0 0
0 0 0 0 0
0 0 0 0 0
0 0 0 0 0
0 0 0 0 0
0 0 0 0 0
10 102 57 49 255
10 102 57 49 255
10 102 57 49 255
10 102 57 49 255
0 0 0 0 0
0 0 0 0 0
0 0 0 0 0
0 0 0 0 0
0 0 0 0 0
0 0 0 0 0
0 0 0 0 0
0 0 0 0 0
0 0 0 0 0
0 0 0 0 0
0 0 0 0 0
10 102 57 49 255
10 102 57 49 255
10 102 57 49 255
10 102 57 49 255
10 102 57 49 255
10 102 57 49 255
0 0 0 0 0
0 0 0 0 0
0 0 0 0 0
0 0 0 0 0
0 0 0 0 0
0 0 0 0 0
0 0 0 0 0
0 0 0 0 0
0 0 0 0 0
0 0 0 0 0
10 102 57 49 255
14 203 219 252 255
10 102 57 49 255
10 102 57 49 255
14 203 219 252 255
10 102 57 49 255
0 0 0 0 0
0 0 0 0 0
0 0 0 0 0
0 0 0 0 0
0 0 0 0 0
0 0 0 0 0
0 0 0 0 0
0 0 0 0 0
0 0 0 0 0
0 0 0 0 0
10 102 57 49 255
14 203 219 252 255
14 203 219 252 255
14 203 219 252 255
10 102 57 49 255
10 102 57 49 255
0 0 0 0 0
0 0 0 0 0
0 0 0 0 0
0 0 0 0 0
0 0 0 0 0
0 0 0 0 0
0 0 0 0 0
0 0 0 0 0
0 0 0 0 0
0 0 0 0 0
10 102 57 49 255
10 102 57 49 255
10 102 57 49 255
10 102 57 49 255
10 102 57 49 255
10 102 57 49 255
0 0 0 0 0
0 0 0 0 0
0 0 0 0 0
0 0 0 0 0
0 0 0 0 0
0 0 0 0 0
0 0 0 0 0
0 0 0 0 0
0 0 0 0 0
0 0 0 0 0
10 102 57 49 255
17 203 219 252 255
10 102 57 49 255
10 102 57 49 255
17 203 219 252 255
10 102 57 49 255
0 0 0 0 0
0 0 0 0 0
0 0 0 0 0
0 0 0 0 0
0 0 0 0 0
0 0 0 0 0
0 0 0 0 0
0 0 0 0 0
0 0 0 0 0
0 0 0 0 0
10 102 57 49 255
10 102 57 49 255
17 203 219 252 255
17 203 219 252 255
10 102 57 49 255
10 102 57 49 255
0 0 0 0 0
0 0 0 0 0
0 0 0 0 0
0 0 0 0 0
0 0 0 0 0
0 0 0 0 0
0 0 0 0 0
0 0 0 0 0
0 0 0 0 0
0 0 0 0 0
10 102 57 49 255
10 102 57 49 255
10 102 57 49 255
10 102 57 49 255
10 102 57 49 255
10 102 57 49 255
0 0 0 0 0
0 0 0 0 0
0 0 0 0 0
0 0 0 0 0
0 0 0 0 0
0 0 0 0 0
0 0 0 0 0
0 0 0 0 0
0 0 0 0 0
0 0 0 0 0
10 102 57 49 255
17 203 219 252 255
10 102 57 49 255
10 102 57 49 255
17 203 219 252 255
10 102 57 49 255
0 0 0 0 0
0 0 0 0 0
0 0 0 0 0
0 0 0 0 0
0 0 0 0 0
0 0 0 0 0
0 0 0 0 0
0 0 0 0 0
0 0 0 0 0
0 0 0 0 0
10 102 57 49 255
17 203 219 252 255
10 102 57 49 255
10 102 57 49 255
17 203 219 252 255
10 102 57 49 255
0 0 0 0 0
0 0 0 0 0
0 0 0 0 0
0 0 0 0 0
0 0 0 0 0
0 0 0 0 0
0 0 0 0 0
0 0 0 0 0
0 0 0 0 0
0 0 0 0 0
10 102 57 49 255
10 102 57 49 255
17 203 219 252 255
17 203 219 252 255
10 102 57 49 255
10 102 57 49 255
0 0 0 0 0
0 0 0 0 0
0 0 0 0 0
0 0 0 0 0
0 0 0 0 0
0 0 0 0 0
0 0 0 0 0
0 0 0 0 0
0 0 0 0 0
0 0 0 0 0
0 0 0 0 0
10 102 57 49 255
10 102 57 49 255
10 102 57 49 255
10 102 57 49 255
0 0 0 0 0
0 0 0 0 0
0 0 0 0 0
0 0 0 0 0
0 0 0 0 0
0 0 0 0 0
0 0 0 0 0
0 0 0 0 0
0 0 0 0 0
0 0 0 0 0
0 0 0 0 0
0 0 0 0 0
10 102 57 49 255
10 102 57 49 255
10 102 57 49 255
10 102 57 49 255
0 0 0 0 0
0 0 0 0 0
0 0 0 0 0
0 0 0 0 0
0 0 0 0 0
0 0 0 0 0
0 0 0 0 0
0 0 0 0 0
0 0 0 0 0
0 0 0 0 0
0 0 0 0 0
0 0 0 0 0
10 102 57 49 255
10 102 57 49 255
10 102 57 49 255
10 102 57 49 255
0 0 0 0 0
0 0 0 0 0
0 0 0 0 0
0 0 0 0 0
0 0 0 0 0
0 0 0 0 0
0 0 0 0 0
0 0 0 0 0
0 0 0 0 0
0 0 0 0 0
0 0 0 0 0
0 0 0 0 0
0 0 0 0 0
10 102 57 49 255
10 102 57 49 255
0 0 0 0 0
0 0 0 0 0
0 0 0 0 0
0 0 0 0 0
0 0 0 0 0
0 0 0 0 0
0 0 0 0 0
0 0 0 0 0
0 0 0 0 0
0 0 0 0 0
0 0 0 0 0
0 0 0 0 0
0 0 0 0 0
0 0 0 0 0
10 102 57 49 255
10 102 57 49 255
0 0 0 0 0
0 0 0 0 0
0 0 0 0 0
0 0 0 0 0
0 0 0 0 0
0 0 0 0 0
0 0 0 0 0
