8 8
2 102 57 49 255
2 143 86 59 255
2 102 57 49 255
2 143 86 59 255
2 102 57 49 255
2 143 86 59 255
2 102 57 49 255
2 143 86 59 255
3 217 160 102 255
3 217 160 102 255
3 217 160 102 255
3 217 160 102 255
3 217 160 102 255
3 217 160 102 255
3 217 160 102 255
3 217 160 102 255
2 102 57 49 255
2 143 86 59 255
2 102 57 49 255
2 143 86 59 255
2 102 57 49 255
2 143 86 59 255
2 102 57 49 255
2 143 86 59 255
2 102 57 49 255
2 143 86 59 255
2 102 57 49 255
2 143 86 59 255
2 102 57 49 255
2 143 86 59 255
2 102 57 49 255
2 143 86 59 255
2 102 57 49 255
2 143 86 59 255
2 102 57 49 255
2 143 86 59 255
10 172 50 50 255
9 172 50 50 255
2 102 57 49 255
2 143 86 59 255
2 102 57 49 255
2 143 86 59 255
2 102 57 49 255
2 143 86 59 255
2 102 57 49 255
2 143 86 59 255
2 102 57 49 255
2 143 86 59 255
3 217 160 102 255
3 217 160 102 255
3 217 160 102 255
3 217 160 102 255
3 217 160 102 255
3 217 160 102 255
3 217 160 102 255
3 217 160 102 255
2 102 57 49 255
2 143 86 59 255
2 102 57 49 255
2 143 86 59 255
2 102 57 49 255
2 143 86 59 255
2 102 57 49 255
2 143 86 59 255
