12 20
0 0 0 0 0
0 0 0 0 0
0 0 0 0 0
7 102 57 49 255
7 102 57 49 255
7 102 57 49 255
7 102 57 49 255
7 102 57 49 255
7 102 57 49 255
0 0 0 0 0
0 0 0 0 0
0 0 0 0 0
0 0 0 0 0
0 0 0 0 0
7 102 57 49 255
5 143 86 59 255
5 143 86 59 255
5 143 86 59 255
5 143 86 59 255
5 143 86 59 255
5 143 86 59 255
7 102 57 49 255
0 0 0 0 0
0 0 0 0 0
0 0 0 0 0
0 0 0 0 0
7 102 57 49 255
5 143 86 59 255
5 143 86 59 255
5 143 86 59 255
5 143 86 59 255
5 143 86 59 255
5 143 86 59 255
7 102 57 49 255
0 0 0 0 0
0 0 0 0 0
0 0 0 0 0
7 102 57 49 255
5 143 86 59 255
5 143 86 59 255
5 143 86 59 255
5 143 86 59 255
5 143 86 59 255
5 143 86 59 255
5 143 86 59 255
5 143 86 59 255
7 102 57 49 255
0 0 0 0 0
0 0 0 0 0
7 102 57 49 255
5 143 86 59 255
5 143 86 59 255
5 143 86 59 255
5 143 86 59 255
5 143 86 59 255
5 143 86 59 255
5 143 86 59 255
5 143 86 59 255
7 102 57 49 255
0 0 0 0 0
7 102 57 49 255
5 143 86 59 255
5 143 86 59 255
5 143 86 59 255
5 143 86 59 255
5 143 86 59 255
5 143 86 59 255
5 143 86 59 255
5 143 86 59 255
5 143 86 59 255
5 143 86 59 255
7 102 57 49 255
7 102 57 49 255
5 143 86 59 255
5 143 86 59 255
5 143 86 59 255
5 143 86 59 255
5 143 86 59 255
5 143 86 59 255
5 143 86 59 255
5 143 86 59 255
5 143 86 59 255
5 143 86 59 255
7 102 57 49 255
7 102 57 49 255
5 143 86 59 255
5 143 86 59 255
5 143 86 59 255
5 143 86 59 255
5 143 86 59 255
5 143 86 59 255
5 143 86 59 255
5 143 86 59 255
5 143 86 59 255
5 143 86 59 255
7 102 57 49 255
7 102 57 49 255
5 143 86 59 255
5 143 86 59 255
5 143 86 59 255
5 143 86 59 255
5 143 86 59 255
22 255 255 255 255
5 143 86 59 255
5 143 86 59 255
5 143 86 59 255
5 143 86 59 255
7 102 57 49 255
7 102 57 49 255
5 143 86 59 255
5 143 86 59 255
5 143 86 59 255
5 143 86 59 255
5 143 86 59 255
21 255 255 255 255
5 143 86 59 255
5 143 86 59 255
5 143 86 59 255
5 143 86 59 255
7 102 57 49 255
7 102 57 49 255
5 143 86 59 255
5 143 86 59 255
5 143 86 59 255
5 143 86 59 255
5 143 86 59 255
20 255 255 255 255
5 143 86 59 255
5 143 86 59 255
5 143 86 59 255
5 143 86 59 255
7 102 57 49 255
7 102 57 49 255
5 143 86 59 255
5 143 86 59 255
5 143 86 59 255
5 143 86 59 255
5 143 86 59 255
19 255 255 255 255
5 143 86 59 255
5 143 86 59 255
5 143 86 59 255
5 143 86 59 255
7 102 57 49 255
7 102 57 49 255
5 143 86 59 255
5 143 86 59 255
5 143 86 59 255
5 143 86 59 255
5 143 86 59 255
18 255 255 255 255
5 143 86 59 255
5 143 86 59 255
5 143 86 59 255
5 143 86 59 255
7 102 57 49 255
7 102 57 49 255
5 143 86 59 255
5 143 86 59 255
5 143 86 59 255
5 143 86 59 255
5 143 86 59 255
17 255 255 255 255
5 143 86 59 255
5 143 86 59 255
5 143 86 59 255
5 143 86 59 255
7 102 57 49 255
7 102 57 49 255
5 143 86 59 255
5 143 86 59 255
5 143 86 59 255
5 143 86 59 255
5 143 86 59 255
16 255 255 255 255
5 143 86 59 255
5 143 86 59 255
5 143 86 59 255
5 143 86 59 255
7 102 57 49 255
7 102 57 49 255
5 143 86 59 255
5 143 86 59 255
5 143 86 59 255
5 143 86 59 255
5 143 86 59 255
15 255 255 255 255
5 143 86 59 255
5 143 86 59 255
5 143 86 59 255
5 143 86 59 255
7 102 57 49 255
7 102 57 49 255
5 143 86 59 255
5 143 86 59 255
5 143 86 59 255
5 143 86 59 255
5 143 86 59 255
14 255 255 255 255
5 143 86 59 255
5 143 86 59 255
5 143 86 59 255
5 143 86 59 255
7 102 57 49 255
7 102 57 49 255
5 143 86 59 255
5 143 86 59 255
5 143 86 59 255
5 143 86 59 255
5 143 86 59 255
13 255 255 255 255
5 143 86 59 255
5 143 86 59 255
5 143 86 59 255
5 143 86 59 255
7 102 57 49 255
7 102 57 49 255
5 143 86 59 255
5 143 86 59 255
5 143 86 59 255
5 143 86 59 255
5 143 86 59 255
5 143 86 59 255
5 143 86 59 255
5 143 86 59 255
5 143 86 59 255
5 143 86 59 255
7 102 57 49 255
7 102 57 49 255
7 102 57 49 255
7 102 57 49 255
7 102 57 49 255
7 102 57 49 255
7 102 57 49 255
7 102 57 49 255
7 102 57 49 255
7 102 57 49 255
7 102 57 49 255
7 102 57 49 255
7 102 57 49 255
