12 10
10 143 86 59 255
10 143 86 59 255
10 143 86 59 255
10 143 86 59 255
10 143 86 59 255
10 143 86 59 255
10 143 86 59 255
10 143 86 59 255
10 143 86 59 255
10 143 86 59 255
10 143 86 59 255
10 143 86 59 255
11 172 50 50 255
11 217 87 99 255
11 172 50 50 255
11 217 87 99 255
11 172 50 50 255
11 217 87 99 255
11 172 50 50 255
11 217 87 99 255
11 172 50 50 255
11 217 87 99 255
11 172 50 50 255
11 217 87 99 255
12 217 87 99 255
12 172 50 50 255
12 217 87 99 255
12 172 50 50 255
12 217 87 99 255
12 172 50 50 255
12 217 87 99 255
12 172 50 50 255
12 217 87 99 255
12 172 50 50 255
12 217 87 99 255
12 172 50 50 255
13 172 50 50 255
13 217 87 99 255
13 172 50 50 255
13 217 87 99 255
13 172 50 50 255
13 217 87 99 255
13 172 50 50 255
13 217 87 99 255
13 172 50 50 255
13 217 87 99 255
13 172 50 50 255
13 217 87 99 255
14 217 87 99 255
14 172 50 50 255
14 217 87 99 255
14 172 50 50 255
14 217 87 99 255
14 172 50 50 255
14 217 87 99 255
14 172 50 50 255
14 217 87 99 255
14 172 50 50 255
14 217 87 99 255
14 172 50 50 255
14 172 50 50 255
14 217 87 99 255
14 172 50 50 255
14 217 87 99 255
14 172 50 50 255
14 217 87 99 255
14 172 50 50 255
14 217 87 99 255
14 172 50 50 255
14 217 87 99 255
14 172 50 50 255
14 217 87 99 255
13 217 87 99 255
13 172 50 50 255
13 217 87 99 255
13 172 50 50 255
13 217 87 99 255
13 172 50 50 255
13 217 87 99 255
13 172 50 50 255
13 217 87 99 255
13 172 50 50 255
13 217 87 99 255
13 172 50 50 255
12 172 50 50 255
12 217 87 99 255
12 172 50 50 255
12 217 87 99 255
12 172 50 50 255
12 217 87 99 255
12 172 50 50 255
12 217 87 99 255
12 172 50 50 255
12 217 87 99 255
12 172 50 50 255
12 217 87 99 255
11 217 87 99 255
11 172 50 50 255
11 217 87 99 255
11 172 50 50 255
11 217 87 99 255
11 172 50 50 255
11 217 87 99 255
11 172 50 50 255
11 217 87 99 255
11 172 50 50 255
11 217 87 99 255
11 172 50 50 255
10 143 86 59 255
10 143 86 59 255
10 143 86 59 255
10 143 86 59 255
10 143 86 59 255
7 102 57 49 255
7 102 57 49 255
10 143 86 59 255
10 143 86 59 255
10 143 86 59 255
10 143 86 59 255
10 143 86 59 255
