14 14
0 0 0 0 0
0 0 0 0 0
3 102 57 49 255
3 102 57 49 255
4 132 126 135 255
3 102 57 49 255
0 0 0 0 0
0 0 0 0 0
0 0 0 0 0
0 0 0 0 0
0 0 0 0 0
0 0 0 0 0
0 0 0 0 0
0 0 0 0 0
0 0 0 0 0
0 0 0 0 0
3 102 57 49 255
3 89 86 82 255
3 105 106 106 255
3 102 57 49 255
0 0 0 0 0
0 0 0 0 0
0 0 0 0 0
0 0 0 0 0
0 0 0 0 0
0 0 0 0 0
0 0 0 0 0
0 0 0 0 0
0 0 0 0 0
0 0 0 0 0
4 132 126 135 255
3 105 106 106 255
3 89 86 82 255
3 102 57 49 255
0 0 0 0 0
7 69 40 60 255
7 69 40 60 255
7 69 40 60 255
7 69 40 60 255
7 69 40 60 255
0 0 0 0 0
0 0 0 0 0
0 0 0 0 0
0 0 0 0 0
3 102 57 49 255
3 89 86 82 255
3 105 106 106 255
4 132 126 135 255
0 0 0 0 0
7 69 40 60 255
8 34 32 52 255
8 34 32 52 255
8 34 32 52 255
7 69 40 60 255
0 0 0 0 0
0 0 0 0 0
0 0 0 0 0
0 0 0 0 0
3 102 57 49 255
3 105 106 106 255
3 89 86 82 255
3 102 57 49 255
0 0 0 0 0
7 69 40 60 255
8 34 32 52 255
8 34 32 52 255
8 34 32 52 255
7 69 40 60 255
0 0 0 0 0
0 0 0 0 0
0 0 0 0 0
0 0 0 0 0
3 102 57 49 255
3 89 86 82 255
3 105 106 106 255
3 102 57 49 255
0 0 0 0 0
7 69 40 60 255
8 34 32 52 255
8 34 32 52 255
8 34 32 52 255
7 69 40 60 255
0 0 0 0 0
0 0 0 0 0
0 0 0 0 0
0 0 0 0 0
4 132 126 135 255
3 105 106 106 255
3 89 86 82 255
3 102 57 49 255
0 0 0 0 0
7 69 40 60 255
7 69 40 60 255
7 69 40 60 255
7 69 40 60 255
7 69 40 60 255
0 0 0 0 0
0 0 0 0 0
0 0 0 0 0
0 0 0 0 0
3 102 57 49 255
3 89 86 82 255
3 105 106 106 255
4 132 126 135 255
0 0 0 0 0
0 0 0 0 0
0 0 0 0 0
0 0 0 0 0
0 0 0 0 0
0 0 0 0 0
0 0 0 0 0
0 0 0 0 0
4 132 126 135 255
3 102 57 49 255
3 102 57 49 255
3 102 57 49 255
4 132 126 135 255
3 102 57 49 255
3 102 57 49 255
3 102 57 49 255
4 132 126 135 255
3 102 57 49 255
3 102 57 49 255
3 102 57 49 255
4 132 126 135 255
3 102 57 49 255
3 105 106 106 255
3 89 86 82 255
3 102 57 49 255
3 89 86 82 255
3 105 106 106 255
3 102 57 49 255
3 105 106 106 255
3 89 86 82 255
3 105 106 106 255
3 89 86 82 255
3 105 106 106 255
3 89 86 82 255
3 105 106 106 255
3 102 57 49 255
3 89 86 82 255
3 105 106 106 255
4 132 126 135 255
3 105 106 106 255
3 89 86 82 255
3 102 57 49 255
3 89 86 82 255
3 105 106 106 255
3 89 86 82 255
3 105 106 106 255
3 89 86 82 255
3 105 106 106 255
3 89 86 82 255
3 102 57 49 255
3 102 57 49 255
4 132 126 135 255
3 102 57 49 255
3 102 57 49 255
3 102 57 49 255
4 132 126 135 255
3 102 57 49 255
3 102 57 49 255
3 102 57 49 255
4 132 126 135 255
3 102 57 49 255
3 102 57 49 255
3 102 57 49 255
4 132 126 135 255
0 0 0 0 0
0 0 0 0 0
3 102 57 49 255
3 105 106 106 255
3 89 86 82 255
3 102 57 49 255
0 0 0 0 0
0 0 0 0 0
0 0 0 0 0
0 0 0 0 0
0 0 0 0 0
0 0 0 0 0
0 0 0 0 0
0 0 0 0 0
0 0 0 0 0
0 0 0 0 0
3 102 57 49 255
4 132 126 135 255
3 102 57 49 255
3 102 57 49 255
0 0 0 0 0
0 0 0 0 0
0 0 0 0 0
0 0 0 0 0
0 0 0 0 0
0 0 0 0 0
0 0 0 0 0
0 0 0 0 0
