15 15
8 217 160 102 255
8 217 160 102 255
8 217 160 102 255
8 217 160 102 255
8 217 160 102 255
8 217 160 102 255
8 217 160 102 255
8 217 160 102 255
8 217 160 102 255
8 217 160 102 255
8 217 160 102 255
8 217 160 102 255
8 217 160 102 255
8 217 160 102 255
8 217 160 102 255
8 217 160 102 255
10 223 113 38 255
10 223 113 38 255
10 223 113 38 255
10 223 113 38 255
10 223 113 38 255
10 223 113 38 255
10 223 113 38 255
10 223 113 38 255
10 223 113 38 255
10 223 113 38 255
10 223 113 38 255
10 223 113 38 255
10 223 113 38 255
8 217 160 102 255
8 217 160 102 255
10 223 113 38 255
12 217 160 102 255
12 217 160 102 255
12 217 160 102 255
12 217 160 102 255
12 217 160 102 255
12 217 160 102 255
12 217 160 102 255
12 217 160 102 255
12 217 160 102 255
12 217 160 102 255
12 217 160 102 255
10 223 113 38 255
8 217 160 102 255
8 217 160 102 255
10 223 113 38 255
12 217 160 102 255
14 223 113 38 255
14 223 113 38 255
14 223 113 38 255
14 223 113 38 255
14 223 113 38 255
14 223 113 38 255
14 223 113 38 255
14 223 113 38 255
14 223 113 38 255
12 217 160 102 255
10 223 113 38 255
8 217 160 102 255
8 217 160 102 255
10 223 113 38 255
12 217 160 102 255
14 223 113 38 255
16 217 160 102 255
16 217 160 102 255
16 217 160 102 255
16 217 160 102 255
16 217 160 102 255
16 217 160 102 255
16 217 160 102 255
14 223 113 38 255
12 217 160 102 255
10 223 113 38 255
8 217 160 102 255
8 217 160 102 255
10 223 113 38 255
12 217 160 102 255
14 223 113 38 255
16 217 160 102 255
18 223 113 38 255
18 223 113 38 255
18 223 113 38 255
18 223 113 38 255
18 223 113 38 255
16 217 160 102 255
14 223 113 38 255
12 217 160 102 255
10 223 113 38 255
8 217 160 102 255
8 217 160 102 255
10 223 113 38 255
12 217 160 102 255
14 223 113 38 255
16 217 160 102 255
18 223 113 38 255
20 217 160 102 255
20 217 160 102 255
20 217 160 102 255
18 223 113 38 255
16 217 160 102 255
14 223 113 38 255
12 217 160 102 255
10 223 113 38 255
8 217 160 102 255
8 217 160 102 255
10 223 113 38 255
12 217 160 102 255
14 223 113 38 255
16 217 160 102 255
18 223 113 38 255
20 217 160 102 255
22 251 242 54 255
20 217 160 102 255
18 223 113 38 255
16 217 160 102 255
14 223 113 38 255
12 217 160 102 255
10 223 113 38 255
8 217 160 102 255
8 217 160 102 255
10 223 113 38 255
12 217 160 102 255
14 223 113 38 255
16 217 160 102 255
18 223 113 38 255
20 217 160 102 255
20 217 160 102 255
20 217 160 102 255
18 223 113 38 255
16 217 160 102 255
14 223 113 38 255
12 217 160 102 255
10 223 113 38 255
8 217 160 102 255
8 217 160 102 255
10 223 113 38 255
12 217 160 102 255
14 223 113 38 255
16 217 160 102 255
18 223 113 38 255
18 223 113 38 255
18 223 113 38 255
18 223 113 38 255
18 223 113 38 255
16 217 160 102 255
14 223 113 38 255
12 217 160 102 255
10 223 113 38 255
8 217 160 102 255
8 217 160 102 255
10 223 113 38 255
12 217 160 102 255
14 223 113 38 255
16 217 160 102 255
16 217 160 102 255
16 217 160 102 255
16 217 160 102 255
16 217 160 102 255
16 217 160 102 255
16 217 160 102 255
14 223 113 38 255
12 217 160 102 255
10 223 113 38 255
8 217 160 102 255
8 217 160 102 255
10 223 113 38 255
12 217 160 102 255
14 223 113 38 255
14 223 113 38 255
14 223 113 38 255
14 223 113 38 255
14 223 113 38 255
14 223 113 38 255
14 223 113 38 255
14 223 113 38 255
14 223 113 38 255
12 217 160 102 255
10 223 113 38 255
8 217 160 102 255
8 217 160 102 255
10 223 113 38 255
12 217 160 102 255
12 217 160 102 255
12 217 160 102 255
12 217 160 102 255
12 217 160 102 255
12 217 160 102 255
12 217 160 102 255
12 217 160 102 255
12 217 160 102 255
12 217 160 102 255
12 217 160 102 255
10 223 113 38 255
8 217 160 102 255
8 217 160 102 255
10 223 113 38 255
10 223 113 38 255
10 223 113 38 255
10 223 113 38 255
10 223 113 38 255
10 223 113 38 255
10 223 113 38 255
10 223 113 38 255
10 223 113 38 255
10 223 113 38 255
10 223 113 38 255
10 223 113 38 255
10 223 113 38 255
8 217 160 102 255
8 217 160 102 255
8 217 160 102 255
8 217 160 102 255
8 217 160 102 255
8 217 160 102 255
8 217 160 102 255
8 217 160 102 255
8 217 160 102 255
8 217 160 102 255
8 217 160 102 255
8 217 160 102 255
8 217 160 102 255
8 217 160 102 255
8 217 160 102 255
8 217 160 102 255
