12 12
4 143 86 59 255
2 105 106 106 255
2 105 106 106 255
2 105 106 106 255
2 105 106 106 255
2 105 106 106 255
2 105 106 106 255
4 143 86 59 255
2 105 106 106 255
2 105 106 106 255
2 105 106 106 255
5 118 66 138 255
2 105 106 106 255
9 105 106 106 255
9 105 106 106 255
9 105 106 106 255
9 105 106 106 255
9 105 106 106 255
9 105 106 106 255
9 105 106 106 255
9 105 106 106 255
9 105 106 106 255
9 105 106 106 255
2 105 106 106 255
2 105 106 106 255
9 105 106 106 255
9 105 106 106 255
9 105 106 106 255
9 105 106 106 255
9 105 106 106 255
9 105 106 106 255
9 105 106 106 255
9 105 106 106 255
9 105 106 106 255
9 105 106 106 255
4 143 86 59 255
2 105 106 106 255
9 105 106 106 255
9 105 106 106 255
9 105 106 106 255
9 105 106 106 255
9 105 106 106 255
9 105 106 106 255
9 105 106 106 255
9 105 106 106 255
9 105 106 106 255
9 105 106 106 255
2 105 106 106 255
2 105 106 106 255
9 105 106 106 255
9 105 106 106 255
9 105 106 106 255
10 203 219 252 255
10 203 219 252 255
10 203 219 252 255
10 203 219 252 255
9 105 106 106 255
9 105 106 106 255
9 105 106 106 255
2 105 106 106 255
2 105 106 106 255
9 105 106 106 255
9 105 106 106 255
9 105 106 106 255
10 203 219 252 255
10 203 219 252 255
10 203 219 252 255
10 203 219 252 255
9 105 106 106 255
9 105 106 106 255
9 105 106 106 255
2 105 106 106 255
2 105 106 106 255
9 105 106 106 255
9 105 106 106 255
9 105 106 106 255
10 203 219 252 255
10 203 219 252 255
10 203 219 252 255
10 203 219 252 255
9 105 106 106 255
9 105 106 106 255
9 105 106 106 255
2 105 106 106 255
4 143 86 59 255
9 105 106 106 255
9 105 106 106 255
9 105 106 106 255
10 203 219 252 255
10 203 219 252 255
10 203 219 252 255
10 203 219 252 255
9 105 106 106 255
9 105 106 106 255
9 105 106 106 255
2 105 106 106 255
2 105 106 106 255
9 105 106 106 255
9 105 106 106 255
9 105 106 106 255
9 105 106 106 255
9 105 106 106 255
9 105 106 106 255
9 105 106 106 255
9 105 106 106 255
9 105 106 106 255
9 105 106 106 255
2 105 106 106 255
2 105 106 106 255
9 105 106 106 255
9 105 106 106 255
9 105 106 106 255
9 105 106 106 255
9 105 106 106 255
9 105 106 106 255
9 105 106 106 255
9 105 106 106 255
9 105 106 106 255
9 105 106 106 255
4 143 86 59 255
2 105 106 106 255
9 105 106 106 255
9 105 106 106 255
9 105 106 106 255
9 105 106 106 255
9 105 106 106 255
9 105 106 106 255
9 105 106 106 255
9 105 106 106 255
9 105 106 106 255
9 105 106 106 255
2 105 106 106 255
5 118 66 138 255
2 105 106 106 255
4 143 86 59 255
2 105 106 106 255
2 105 106 106 255
2 105 106 106 255
2 105 106 106 255
2 105 106 106 255
2 105 106 106 255
4 143 86 59 255
2 105 106 106 255
5 118 66 138 255
