9 9
0 0 0 0 0
5 143 86 59 255
5 143 86 59 255
8 223 113 38 255
8 223 113 38 255
8 223 113 38 255
5 143 86 59 255
5 143 86 59 255
0 0 0 0 0
5 143 86 59 255
5 143 86 59 255
9 223 113 38 255
9 217 160 102 255
9 223 113 38 255
9 217 160 102 255
9 223 113 38 255
5 143 86 59 255
5 143 86 59 255
5 143 86 59 255
9 223 113 38 255
10 217 160 102 255
10 223 113 38 255
10 217 160 102 255
10 223 113 38 255
10 217 160 102 255
9 223 113 38 255
5 143 86 59 255
8 223 113 38 255
9 217 160 102 255
10 223 113 38 255
11 217 160 102 255
11 223 113 38 255
11 217 160 102 255
10 223 113 38 255
9 217 160 102 255
8 223 113 38 255
8 223 113 38 255
9 223 113 38 255
10 217 160 102 255
11 223 113 38 255
12 217 160 102 255
11 223 113 38 255
10 217 160 102 255
9 223 113 38 255
8 223 113 38 255
8 223 113 38 255
9 217 160 102 255
10 223 113 38 255
11 217 160 102 255
11 223 113 38 255
11 217 160 102 255
10 223 113 38 255
9 217 160 102 255
8 223 113 38 255
5 143 86 59 255
8 223 113 38 255
10 217 160 102 255
10 223 113 38 255
10 217 160 102 255
10 223 113 38 255
10 217 160 102 255
9 223 113 38 255
5 143 86 59 255
5 143 86 59 255
5 143 86 59 255
9 223 113 38 255
9 217 160 102 255
9 223 113 38 255
9 217 160 102 255
9 223 113 38 255
5 143 86 59 255
5 143 86 59 255
0 0 0 0 0
5 143 86 59 255
5 143 86 59 255
8 223 113 38 255
8 223 113 38 255
8 223 113 38 255
5 143 86 59 255
5 143 86 59 255
0 0 0 0 0
