8 8
18 34 32 52 255
18 34 32 52 255
18 34 32 52 255
18 34 32 52 255
18 34 32 52 255
18 34 32 52 255
18 34 32 52 255
18 34 32 52 255
18 34 32 52 255
20 34 32 52 255
20 63 63 116 255
20 34 32 52 255
20 63 63 116 255
20 34 32 52 255
20 63 63 116 255
18 34 32 52 255
18 34 32 52 255
20 63 63 116 255
15 105 106 106 255
15 105 106 106 255
15 105 106 106 255
15 105 106 106 255
20 34 32 52 255
18 34 32 52 255
18 34 32 52 255
20 34 32 52 255
15 105 106 106 255
15 105 106 106 255
15 105 106 106 255
15 105 106 106 255
20 63 63 116 255
18 34 32 52 255
18 34 32 52 255
20 63 63 116 255
15 105 106 106 255
15 105 106 106 255
15 105 106 106 255
15 105 106 106 255
20 34 32 52 255
18 34 32 52 255
18 34 32 52 255
20 34 32 52 255
15 105 106 106 255
15 105 106 106 255
15 105 106 106 255
15 105 106 106 255
20 63 63 116 255
18 34 32 52 255
18 34 32 52 255
20 63 63 116 255
20 34 32 52 255
20 63 63 116 255
20 34 32 52 255
20 63 63 116 255
20 34 32 52 255
18 34 32 52 255
18 34 32 52 255
18 34 32 52 255
18 34 32 52 255
18 34 32 52 255
18 34 32 52 255
18 34 32 52 255
18 34 32 52 255
18 34 32 52 255
