6 6
0 0 0 0 0
0 0 0 0 0
6 69 40 60 255
6 69 40 60 255
0 0 0 0 0
0 0 0 0 0
0 0 0 0 0
6 69 40 60 255
5 69 40 60 255
9 69 40 60 255
6 69 40 60 255
0 0 0 0 0
5 217 160 102 255
9 69 40 60 255
9 217 160 102 255
9 217 160 102 255
9 69 40 60 255
5 217 160 102 255
5 217 160 102 255
9 69 40 60 255
9 217 160 102 255
9 217 160 102 255
9 69 40 60 255
5 217 160 102 255
0 0 0 0 0
6 69 40 60 255
5 69 40 60 255
5 69 40 60 255
6 69 40 60 255
0 0 0 0 0
0 0 0 0 0
0 0 0 0 0
5 69 40 60 255
6 69 40 60 255
0 0 0 0 0
0 0 0 0 0
